#Draw the mass function and the cumulative distribution of the
#following outcome probabilities:

#  Outcome  |    p
#  ----------------
#    1      |    0.1
#    2      |    0.15
#    3      |    0.2
#    4      |    0.21
#    5      |    0.17
#    6      |    0.09
#    7      |    0.06
#    8      |    0.02

Outcome <- 1:8
p <- c(0.1, 0.15, 0.2, 0.21, 0.17, 0.09, 0.06, 0.02)

# Write here the solution